    0.10337E-04    0.59126E+02
    0.10441E-04    0.59691E+02
    0.10546E-04    0.60262E+02
    0.10651E-04    0.60837E+02
    0.10759E-04    0.61419E+02
    0.10867E-04    0.62005E+02
    0.10976E-04    0.62598E+02
    0.11086E-04    0.63196E+02
    0.11198E-04    0.63800E+02
    0.11310E-04    0.64409E+02
    0.11424E-04    0.65024E+02
    0.11539E-04    0.65646E+02
    0.11655E-04    0.66273E+02
    0.11772E-04    0.66906E+02
    0.11890E-04    0.67545E+02
    0.12010E-04    0.68190E+02
    0.12130E-04    0.68842E+02
    0.12252E-04    0.69500E+02
    0.12375E-04    0.70164E+02
    0.12500E-04    0.70834E+02
    0.12625E-04    0.71511E+02
    0.12752E-04    0.72194E+02
    0.12880E-04    0.72884E+02
    0.13010E-04    0.73580E+02
    0.13141E-04    0.74283E+02
    0.13273E-04    0.74992E+02
    0.13406E-04    0.75709E+02
    0.13541E-04    0.76432E+02
    0.13677E-04    0.77162E+02
    0.13814E-04    0.77900E+02
    0.13953E-04    0.78644E+02
    0.14093E-04    0.79395E+02
    0.14235E-04    0.80154E+02
    0.14378E-04    0.80919E+02
    0.14523E-04    0.81693E+02
    0.14668E-04    0.82473E+02
    0.14816E-04    0.83261E+02
    0.14965E-04    0.84056E+02
    0.15115E-04    0.84859E+02
    0.15267E-04    0.85670E+02
    0.15421E-04    0.86489E+02
    0.15576E-04    0.87315E+02
    0.15732E-04    0.88149E+02
    0.15890E-04    0.88991E+02
    0.16050E-04    0.89841E+02
    0.16211E-04    0.90700E+02
    0.16374E-04    0.91566E+02
    0.16539E-04    0.92441E+02
    0.16705E-04    0.93324E+02
    0.16873E-04    0.94216E+02
    0.17042E-04    0.95116E+02
    0.17214E-04    0.96025E+02
    0.17387E-04    0.96942E+02
    0.17561E-04    0.97868E+02
    0.17738E-04    0.98803E+02
    0.17916E-04    0.99747E+02
    0.18096E-04    0.10070E+03
    0.18278E-04    0.10166E+03
    0.18462E-04    0.10263E+03
    0.18647E-04    0.10361E+03
    0.18835E-04    0.10460E+03
    0.19024E-04    0.10560E+03
    0.19215E-04    0.10661E+03
    0.19408E-04    0.10763E+03
    0.19603E-04    0.10866E+03
    0.19800E-04    0.10970E+03
    0.19999E-04    0.11074E+03
    0.20200E-04    0.11180E+03
    0.20403E-04    0.11287E+03
    0.20608E-04    0.11395E+03
    0.20816E-04    0.11504E+03
    0.21025E-04    0.11614E+03
    0.21236E-04    0.11725E+03
    0.21449E-04    0.11837E+03
    0.21665E-04    0.11950E+03
    0.21883E-04    0.12064E+03
    0.22103E-04    0.12179E+03
    0.22325E-04    0.12295E+03
    0.22549E-04    0.12413E+03
    0.22776E-04    0.12532E+03
    0.23005E-04    0.12651E+03
    0.23236E-04    0.12772E+03
    0.23469E-04    0.12894E+03
    0.23705E-04    0.13017E+03
    0.23944E-04    0.13142E+03
    0.24184E-04    0.13267E+03
    0.24427E-04    0.13394E+03
    0.24673E-04    0.13522E+03
    0.24921E-04    0.13651E+03
    0.25171E-04    0.13782E+03
    0.25424E-04    0.13913E+03
    0.25680E-04    0.14046E+03
    0.25938E-04    0.14180E+03
    0.26198E-04    0.14316E+03
    0.26462E-04    0.14453E+03
    0.26728E-04    0.14591E+03
    0.26996E-04    0.14730E+03
    0.27268E-04    0.14871E+03
    0.27542E-04    0.15013E+03
    0.27818E-04    0.15156E+03
    0.28098E-04    0.15301E+03
    0.28380E-04    0.15447E+03
    0.28666E-04    0.15595E+03
    0.28954E-04    0.15744E+03
    0.29245E-04    0.15894E+03
    0.29539E-04    0.16046E+03
    0.29836E-04    0.16199E+03
    0.30135E-04    0.16354E+03
    0.30438E-04    0.16510E+03
    0.30744E-04    0.16668E+03
    0.31053E-04    0.16827E+03
    0.31365E-04    0.16988E+03
    0.31680E-04    0.17150E+03
    0.31999E-04    0.17314E+03
    0.32320E-04    0.17480E+03
    0.32645E-04    0.17647E+03
    0.32973E-04    0.17815E+03
    0.33305E-04    0.17985E+03
    0.33639E-04    0.18157E+03
    0.33978E-04    0.18331E+03
    0.34319E-04    0.18506E+03
    0.34664E-04    0.18683E+03
    0.35012E-04    0.18861E+03
    0.35364E-04    0.19041E+03
    0.35720E-04    0.19223E+03
    0.36079E-04    0.19407E+03
    0.36441E-04    0.19592E+03
    0.36807E-04    0.19779E+03
    0.37177E-04    0.19968E+03
    0.37551E-04    0.20159E+03
    0.37928E-04    0.20352E+03
    0.38310E-04    0.20546E+03
    0.38695E-04    0.20742E+03
    0.39083E-04    0.20940E+03
    0.39476E-04    0.21140E+03
    0.39873E-04    0.21342E+03
    0.40274E-04    0.21546E+03
    0.40679E-04    0.21752E+03
    0.41087E-04    0.21960E+03
    0.41500E-04    0.22170E+03
    0.41917E-04    0.22382E+03
    0.42339E-04    0.22595E+03
    0.42764E-04    0.22811E+03
    0.43194E-04    0.23029E+03
    0.43628E-04    0.23249E+03
    0.44067E-04    0.23471E+03
    0.44509E-04    0.23695E+03
    0.44957E-04    0.23922E+03
    0.45409E-04    0.24150E+03
    0.45865E-04    0.24381E+03
    0.46326E-04    0.24614E+03
    0.46791E-04    0.24849E+03
    0.47262E-04    0.25086E+03
    0.47737E-04    0.25326E+03
    0.48216E-04    0.25568E+03
    0.48701E-04    0.25812E+03
    0.49190E-04    0.26059E+03
    0.49685E-04    0.26308E+03
    0.50184E-04    0.26559E+03
    0.50689E-04    0.26813E+03
    0.51198E-04    0.27069E+03
    0.51713E-04    0.27327E+03
    0.52232E-04    0.27588E+03
    0.52757E-04    0.27852E+03
    0.53287E-04    0.28118E+03
    0.53823E-04    0.28387E+03
    0.54364E-04    0.28658E+03
    0.54910E-04    0.28932E+03
    0.55462E-04    0.29208E+03
    0.56020E-04    0.29487E+03
    0.56583E-04    0.29769E+03
    0.57151E-04    0.30053E+03
    0.57726E-04    0.30340E+03
    0.58306E-04    0.30630E+03
    0.58892E-04    0.30922E+03
    0.59484E-04    0.31218E+03
    0.60081E-04    0.31516E+03
    0.60685E-04    0.31817E+03
    0.61295E-04    0.32121E+03
    0.61911E-04    0.32428E+03
    0.62533E-04    0.32738E+03
    0.63162E-04    0.33050E+03
    0.63797E-04    0.33366E+03
    0.64438E-04    0.33685E+03
    0.65085E-04    0.34006E+03
    0.65740E-04    0.34331E+03
    0.66400E-04    0.34659E+03
    0.67068E-04    0.34990E+03
    0.67742E-04    0.35324E+03
    0.68422E-04    0.35662E+03
    0.69110E-04    0.36002E+03
    0.69805E-04    0.36346E+03
    0.70506E-04    0.36694E+03
    0.71215E-04    0.37044E+03
    0.71930E-04    0.37398E+03
    0.72653E-04    0.37755E+03
    0.73384E-04    0.38116E+03
    0.74121E-04    0.38480E+03
    0.74866E-04    0.38847E+03
    0.75618E-04    0.39218E+03
    0.76378E-04    0.39593E+03
    0.77146E-04    0.39971E+03
    0.77921E-04    0.40353E+03
    0.78704E-04    0.40738E+03
    0.79495E-04    0.41127E+03
    0.80294E-04    0.41520E+03
    0.81101E-04    0.41917E+03
    0.81916E-04    0.42317E+03
    0.82740E-04    0.42721E+03
    0.83571E-04    0.43129E+03
    0.84411E-04    0.43541E+03
    0.85260E-04    0.43957E+03
    0.86116E-04    0.44377E+03
    0.86982E-04    0.44800E+03
    0.87856E-04    0.45228E+03
    0.88739E-04    0.45660E+03
    0.89631E-04    0.46096E+03
    0.90532E-04    0.46537E+03
    0.91442E-04    0.46981E+03
    0.92361E-04    0.47430E+03
    0.93289E-04    0.47883E+03
    0.94226E-04    0.48340E+03
    0.95173E-04    0.48801E+03
    0.96130E-04    0.49268E+03
    0.97096E-04    0.49738E+03
    0.98072E-04    0.50213E+03
    0.99057E-04    0.50692E+03
    0.10005E-03    0.51177E+03
    0.10106E-03    0.51665E+03
    0.10207E-03    0.52159E+03
    0.10310E-03    0.52657E+03
    0.10414E-03    0.53159E+03
    0.10518E-03    0.53667E+03
    0.10624E-03    0.54180E+03
    0.10731E-03    0.54697E+03
    0.10839E-03    0.55219E+03
    0.10948E-03    0.55746E+03
    0.11058E-03    0.56279E+03
    0.11169E-03    0.56816E+03
    0.11281E-03    0.57359E+03
    0.11394E-03    0.57906E+03
    0.11509E-03    0.58459E+03
    0.11624E-03    0.59017E+03
    0.11741E-03    0.59581E+03
    0.11859E-03    0.60150E+03
    0.11979E-03    0.60724E+03
    0.12099E-03    0.61304E+03
    0.12221E-03    0.61889E+03
    0.12343E-03    0.62480E+03
    0.12467E-03    0.63076E+03
    0.12593E-03    0.63678E+03
    0.12719E-03    0.64286E+03
    0.12847E-03    0.64900E+03
    0.12976E-03    0.65519E+03
    0.13107E-03    0.66145E+03
    0.13238E-03    0.66776E+03
    0.13371E-03    0.67414E+03
    0.13506E-03    0.68057E+03
    0.13641E-03    0.68707E+03
    0.13779E-03    0.69363E+03
    0.13917E-03    0.70025E+03
    0.14057E-03    0.70693E+03
    0.14198E-03    0.71368E+03
    0.14341E-03    0.72049E+03
    0.14485E-03    0.72737E+03
    0.14631E-03    0.73431E+03
    0.14778E-03    0.74132E+03
    0.14926E-03    0.74839E+03
    0.15076E-03    0.75554E+03
    0.15228E-03    0.76275E+03
    0.15381E-03    0.77003E+03
    0.15535E-03    0.77737E+03
    0.15691E-03    0.78479E+03
    0.15849E-03    0.79228E+03
    0.16008E-03    0.79984E+03
    0.16169E-03    0.80747E+03
    0.16332E-03    0.81518E+03
    0.16496E-03    0.82296E+03
    0.16662E-03    0.83081E+03
    0.16829E-03    0.83874E+03
    0.16998E-03    0.84674E+03
    0.17169E-03    0.85482E+03
    0.17342E-03    0.86297E+03
    0.17516E-03    0.87120E+03
    0.17692E-03    0.87952E+03
    0.17870E-03    0.88791E+03
    0.18049E-03    0.89638E+03
    0.18231E-03    0.90493E+03
    0.18414E-03    0.91356E+03
    0.18599E-03    0.92227E+03
    0.18786E-03    0.93107E+03
    0.18975E-03    0.93995E+03
    0.19166E-03    0.94891E+03
    0.19358E-03    0.95796E+03
    0.19553E-03    0.96710E+03
    0.19749E-03    0.97632E+03
    0.19948E-03    0.98563E+03
    0.20148E-03    0.99503E+03
    0.20351E-03    0.10045E+04
    0.20555E-03    0.10141E+04
    0.20762E-03    0.10238E+04
    0.20970E-03    0.10335E+04
    0.21181E-03    0.10434E+04
    0.21394E-03    0.10533E+04
    0.21609E-03    0.10634E+04
    0.21826E-03    0.10735E+04
    0.22046E-03    0.10837E+04
    0.22267E-03    0.10941E+04
    0.22491E-03    0.11045E+04
    0.22717E-03    0.11150E+04
    0.22945E-03    0.11257E+04
    0.23176E-03    0.11364E+04
    0.23409E-03    0.11472E+04
    0.23644E-03    0.11581E+04
    0.23882E-03    0.11692E+04
    0.24122E-03    0.11803E+04
    0.24364E-03    0.11916E+04
    0.24609E-03    0.12029E+04
    0.24856E-03    0.12144E+04
    0.25106E-03    0.12259E+04
    0.25359E-03    0.12376E+04
    0.25613E-03    0.12494E+04
    0.25871E-03    0.12613E+04
    0.26131E-03    0.12733E+04
    0.26393E-03    0.12854E+04
    0.26659E-03    0.12977E+04
    0.26927E-03    0.13100E+04
    0.27197E-03    0.13225E+04
    0.27471E-03    0.13351E+04
    0.27747E-03    0.13478E+04
    0.28026E-03    0.13607E+04
    0.28307E-03    0.13736E+04
    0.28592E-03    0.13867E+04
    0.28879E-03    0.13999E+04
    0.29169E-03    0.14132E+04
    0.29462E-03    0.14266E+04
    0.29759E-03    0.14402E+04
    0.30058E-03    0.14539E+04
    0.30360E-03    0.14678E+04
    0.30665E-03    0.14817E+04
    0.30973E-03    0.14958E+04
    0.31284E-03    0.15100E+04
    0.31599E-03    0.15244E+04
    0.31916E-03    0.15389E+04
    0.32237E-03    0.15535E+04
    0.32561E-03    0.15683E+04
    0.32888E-03    0.15832E+04
    0.33219E-03    0.15983E+04
    0.33553E-03    0.16135E+04
    0.33890E-03    0.16288E+04
    0.34230E-03    0.16443E+04
    0.34574E-03    0.16599E+04
    0.34922E-03    0.16757E+04
    0.35273E-03    0.16916E+04
    0.35627E-03    0.17077E+04
    0.35985E-03    0.17239E+04
    0.36347E-03    0.17403E+04
    0.36712E-03    0.17568E+04
    0.37081E-03    0.17735E+04
    0.37454E-03    0.17903E+04
    0.37830E-03    0.18073E+04
    0.38211E-03    0.18245E+04
    0.38595E-03    0.18418E+04
    0.38983E-03    0.18593E+04
    0.39374E-03    0.18769E+04
    0.39770E-03    0.18947E+04
    0.40170E-03    0.19127E+04
    0.40573E-03    0.19308E+04
    0.40981E-03    0.19491E+04
    0.41393E-03    0.19676E+04
    0.41809E-03    0.19863E+04
    0.42229E-03    0.20051E+04
    0.42654E-03    0.20241E+04
    0.43082E-03    0.20433E+04
    0.43515E-03    0.20627E+04
    0.43953E-03    0.20822E+04
    0.44394E-03    0.21019E+04
    0.44841E-03    0.21218E+04
    0.45291E-03    0.21419E+04
    0.45746E-03    0.21622E+04
    0.46206E-03    0.21827E+04
    0.46671E-03    0.22033E+04
    0.47140E-03    0.22242E+04
    0.47613E-03    0.22452E+04
    0.48092E-03    0.22665E+04
    0.48575E-03    0.22879E+04
    0.49063E-03    0.23095E+04
    0.49557E-03    0.23314E+04
    0.50055E-03    0.23534E+04
    0.50558E-03    0.23757E+04
    0.51066E-03    0.23981E+04
    0.51579E-03    0.24208E+04
    0.52097E-03    0.24436E+04
    0.52621E-03    0.24667E+04
    0.53150E-03    0.24900E+04
    0.53684E-03    0.25135E+04
    0.54224E-03    0.25372E+04
    0.54768E-03    0.25612E+04
    0.55319E-03    0.25853E+04
    0.55875E-03    0.26097E+04
    0.56436E-03    0.26343E+04
    0.57004E-03    0.26591E+04
    0.57577E-03    0.26842E+04
    0.58155E-03    0.27095E+04
    0.58740E-03    0.27350E+04
    0.59330E-03    0.27608E+04
    0.59926E-03    0.27868E+04
    0.60529E-03    0.28130E+04
    0.61137E-03    0.28395E+04
    0.61751E-03    0.28662E+04
    0.62372E-03    0.28932E+04
    0.62999E-03    0.29204E+04
    0.63632E-03    0.29478E+04
    0.64271E-03    0.29755E+04
    0.64917E-03    0.30035E+04
    0.65570E-03    0.30317E+04
    0.66229E-03    0.30601E+04
    0.66894E-03    0.30889E+04
    0.67567E-03    0.31179E+04
    0.68246E-03    0.31471E+04
    0.68932E-03    0.31766E+04
    0.69624E-03    0.32064E+04
    0.70324E-03    0.32364E+04
    0.71031E-03    0.32668E+04
    0.71745E-03    0.32974E+04
    0.72466E-03    0.33282E+04
    0.73194E-03    0.33594E+04
    0.73930E-03    0.33908E+04
    0.74673E-03    0.34225E+04
    0.75423E-03    0.34545E+04
    0.76181E-03    0.34868E+04
    0.76947E-03    0.35194E+04
    0.77720E-03    0.35523E+04
    0.78501E-03    0.35854E+04
    0.79290E-03    0.36189E+04
    0.80087E-03    0.36526E+04
    0.80892E-03    0.36867E+04
    0.81705E-03    0.37211E+04
    0.82526E-03    0.37557E+04
    0.83356E-03    0.37907E+04
    0.84193E-03    0.38260E+04
    0.85039E-03    0.38616E+04
    0.85894E-03    0.38975E+04
    0.86757E-03    0.39338E+04
    0.87629E-03    0.39703E+04
    0.88510E-03    0.40072E+04
    0.89399E-03    0.40444E+04
    0.90298E-03    0.40819E+04
    0.91205E-03    0.41198E+04
    0.92122E-03    0.41580E+04
    0.93048E-03    0.41965E+04
    0.93983E-03    0.42354E+04
    0.94928E-03    0.42746E+04
    0.95882E-03    0.43141E+04
    0.96845E-03    0.43540E+04
    0.97819E-03    0.43943E+04
    0.98802E-03    0.44349E+04
    0.99795E-03    0.44758E+04
    0.10080E-02    0.45171E+04
    0.10181E-02    0.45588E+04
    0.10283E-02    0.46008E+04
    0.10387E-02    0.46432E+04
    0.10491E-02    0.46859E+04
    0.10597E-02    0.47291E+04
    0.10703E-02    0.47726E+04
    0.10811E-02    0.48164E+04
    0.10919E-02    0.48607E+04
    0.11029E-02    0.49053E+04
    0.11140E-02    0.49503E+04
    0.11252E-02    0.49957E+04
    0.11365E-02    0.50414E+04
    0.11479E-02    0.50876E+04
    0.11594E-02    0.51341E+04
    0.11711E-02    0.51811E+04
    0.11829E-02    0.52284E+04
    0.11948E-02    0.52762E+04
    0.12068E-02    0.53243E+04
    0.12189E-02    0.53728E+04
    0.12311E-02    0.54218E+04
    0.12435E-02    0.54712E+04
    0.12560E-02    0.55209E+04
    0.12686E-02    0.55711E+04
    0.12814E-02    0.56217E+04
    0.12943E-02    0.56728E+04
    0.13073E-02    0.57242E+04
    0.13204E-02    0.57761E+04
    0.13337E-02    0.58284E+04
    0.13471E-02    0.58811E+04
    0.13606E-02    0.59343E+04
    0.13743E-02    0.59879E+04
    0.13881E-02    0.60419E+04
    0.14021E-02    0.60964E+04
    0.14162E-02    0.61514E+04
    0.14304E-02    0.62067E+04
    0.14448E-02    0.62625E+04
    0.14593E-02    0.63188E+04
    0.14739E-02    0.63755E+04
    0.14888E-02    0.64327E+04
    0.15037E-02    0.64904E+04
    0.15188E-02    0.65485E+04
    0.15341E-02    0.66070E+04
    0.15495E-02    0.66660E+04
    0.15651E-02    0.67255E+04
    0.15808E-02    0.67855E+04
    0.15967E-02    0.68459E+04
    0.16128E-02    0.69069E+04
    0.16290E-02    0.69683E+04
    0.16453E-02    0.70301E+04
    0.16619E-02    0.70925E+04
    0.16786E-02    0.71553E+04
    0.16954E-02    0.72187E+04
    0.17125E-02    0.72825E+04
    0.17297E-02    0.73468E+04
    0.17471E-02    0.74116E+04
    0.17646E-02    0.74769E+04
    0.17824E-02    0.75427E+04
    0.18003E-02    0.76090E+04
    0.18184E-02    0.76758E+04
    0.18367E-02    0.77431E+04
    0.18551E-02    0.78109E+04
    0.18738E-02    0.78792E+04
    0.18926E-02    0.79480E+04
    0.19116E-02    0.80174E+04
    0.19308E-02    0.80872E+04
    0.19502E-02    0.81576E+04
    0.19698E-02    0.82285E+04
    0.19896E-02    0.82999E+04
    0.20096E-02    0.83718E+04
    0.20298E-02    0.84443E+04
    0.20502E-02    0.85172E+04
    0.20708E-02    0.85907E+04
    0.20916E-02    0.86648E+04
    0.21127E-02    0.87393E+04
    0.21339E-02    0.88144E+04
    0.21553E-02    0.88900E+04
    0.21770E-02    0.89662E+04
    0.21989E-02    0.90429E+04
    0.22210E-02    0.91201E+04
    0.22433E-02    0.91979E+04
    0.22658E-02    0.92762E+04
    0.22886E-02    0.93551E+04
    0.23116E-02    0.94344E+04
    0.23348E-02    0.95144E+04
    0.23583E-02    0.95948E+04
    0.23820E-02    0.96759E+04
    0.24059E-02    0.97574E+04
    0.24301E-02    0.98395E+04
    0.24546E-02    0.99222E+04
    0.24792E-02    0.10005E+05
    0.25041E-02    0.10089E+05
    0.25293E-02    0.10173E+05
    0.25547E-02    0.10258E+05
    0.25804E-02    0.10344E+05
    0.26063E-02    0.10430E+05
    0.26325E-02    0.10516E+05
    0.26590E-02    0.10603E+05
    0.26857E-02    0.10691E+05
    0.27127E-02    0.10779E+05
    0.27400E-02    0.10868E+05
    0.27675E-02    0.10957E+05
    0.27953E-02    0.11047E+05
    0.28234E-02    0.11137E+05
    0.28518E-02    0.11228E+05
    0.28804E-02    0.11319E+05
    0.29094E-02    0.11411E+05
    0.29386E-02    0.11504E+05
    0.29682E-02    0.11597E+05
    0.29980E-02    0.11690E+05
    0.30281E-02    0.11785E+05
    0.30586E-02    0.11879E+05
    0.30893E-02    0.11974E+05
    0.31203E-02    0.12070E+05
    0.31517E-02    0.12167E+05
    0.31834E-02    0.12263E+05
    0.32154E-02    0.12361E+05
    0.32477E-02    0.12459E+05
    0.32803E-02    0.12557E+05
    0.33133E-02    0.12656E+05
    0.33466E-02    0.12756E+05
    0.33802E-02    0.12856E+05
    0.34142E-02    0.12956E+05
    0.34485E-02    0.13057E+05
    0.34832E-02    0.13159E+05
    0.35182E-02    0.13261E+05
    0.35535E-02    0.13363E+05
    0.35893E-02    0.13466E+05
    0.36253E-02    0.13570E+05
    0.36618E-02    0.13674E+05
    0.36986E-02    0.13779E+05
    0.37357E-02    0.13884E+05
    0.37733E-02    0.13989E+05
    0.38112E-02    0.14095E+05
    0.38495E-02    0.14202E+05
    0.38882E-02    0.14309E+05
    0.39273E-02    0.14416E+05
    0.39667E-02    0.14524E+05
    0.40066E-02    0.14632E+05
    0.40469E-02    0.14741E+05
    0.40875E-02    0.14850E+05
    0.41286E-02    0.14960E+05
    0.41701E-02    0.15070E+05
    0.42120E-02    0.15181E+05
    0.42544E-02    0.15292E+05
    0.42971E-02    0.15403E+05
    0.43403E-02    0.15515E+05
    0.43839E-02    0.15627E+05
    0.44280E-02    0.15740E+05
    0.44725E-02    0.15853E+05
    0.45174E-02    0.15966E+05
    0.45628E-02    0.16080E+05
    0.46087E-02    0.16194E+05
    0.46550E-02    0.16309E+05
    0.47018E-02    0.16423E+05
    0.47490E-02    0.16539E+05
    0.47968E-02    0.16654E+05
    0.48450E-02    0.16770E+05
    0.48937E-02    0.16886E+05
    0.49429E-02    0.17002E+05
    0.49925E-02    0.17119E+05
    0.50427E-02    0.17236E+05
    0.50934E-02    0.17354E+05
    0.51446E-02    0.17471E+05
    0.51963E-02    0.17589E+05
    0.52485E-02    0.17707E+05
    0.53013E-02    0.17825E+05
    0.53545E-02    0.17944E+05
    0.54084E-02    0.18063E+05
    0.54627E-02    0.18182E+05
    0.55176E-02    0.18301E+05
    0.55731E-02    0.18420E+05
    0.56291E-02    0.18540E+05
    0.56856E-02    0.18659E+05
    0.57428E-02    0.18779E+05
    0.58005E-02    0.18899E+05
    0.58588E-02    0.19019E+05
    0.59177E-02    0.19139E+05
    0.59772E-02    0.19259E+05
    0.60372E-02    0.19380E+05
    0.60979E-02    0.19500E+05
    0.61592E-02    0.19620E+05
    0.62211E-02    0.19741E+05
    0.62836E-02    0.19861E+05
    0.63468E-02    0.19981E+05
    0.64105E-02    0.20102E+05
    0.64750E-02    0.20222E+05
    0.65401E-02    0.20342E+05
    0.66058E-02    0.20462E+05
    0.66722E-02    0.20583E+05
    0.67392E-02    0.20702E+05
    0.68070E-02    0.20822E+05
    0.68754E-02    0.20942E+05
    0.69445E-02    0.21061E+05
    0.70143E-02    0.21181E+05
    0.70848E-02    0.21300E+05
    0.71560E-02    0.21419E+05
    0.72279E-02    0.21537E+05
    0.73005E-02    0.21656E+05
    0.73739E-02    0.21774E+05
    0.74480E-02    0.21892E+05
    0.75228E-02    0.22009E+05
    0.75985E-02    0.22126E+05
    0.76748E-02    0.22243E+05
    0.77519E-02    0.22359E+05
    0.78299E-02    0.22475E+05
    0.79086E-02    0.22590E+05
    0.79880E-02    0.22705E+05
    0.80683E-02    0.22820E+05
    0.81494E-02    0.22934E+05
    0.82313E-02    0.23047E+05
    0.83140E-02    0.23160E+05
    0.83976E-02    0.23272E+05
    0.84820E-02    0.23384E+05
    0.85672E-02    0.23495E+05
    0.86533E-02    0.23605E+05
    0.87403E-02    0.23715E+05
    0.88281E-02    0.23823E+05
    0.89169E-02    0.23931E+05
    0.90065E-02    0.24039E+05
    0.90970E-02    0.24145E+05
    0.91884E-02    0.24251E+05
    0.92808E-02    0.24356E+05
    0.93740E-02    0.24460E+05
    0.94683E-02    0.24562E+05
    0.95634E-02    0.24664E+05
    0.96595E-02    0.24765E+05
    0.97566E-02    0.24865E+05
    0.98547E-02    0.24964E+05
    0.99537E-02    0.25062E+05
    0.10054E-01    0.25159E+05
    0.10155E-01    0.25254E+05
    0.10257E-01    0.25349E+05
    0.10360E-01    0.25442E+05
    0.10464E-01    0.25533E+05
    0.10569E-01    0.25624E+05
    0.10675E-01    0.25713E+05
    0.10783E-01    0.25801E+05
    0.10891E-01    0.25888E+05
    0.11001E-01    0.25973E+05
    0.11111E-01    0.26056E+05
    0.11223E-01    0.26138E+05
    0.11336E-01    0.26219E+05
    0.11449E-01    0.26298E+05
    0.11565E-01    0.26375E+05
    0.11681E-01    0.26451E+05
    0.11798E-01    0.26525E+05
    0.11917E-01    0.26597E+05
    0.12037E-01    0.26668E+05
    0.12157E-01    0.26737E+05
    0.12280E-01    0.26804E+05
    0.12403E-01    0.26869E+05
    0.12528E-01    0.26932E+05
    0.12654E-01    0.26993E+05
    0.12781E-01    0.27052E+05
    0.12909E-01    0.27109E+05
    0.13039E-01    0.27165E+05
    0.13170E-01    0.27218E+05
    0.13302E-01    0.27268E+05
    0.13436E-01    0.27317E+05
    0.13571E-01    0.27364E+05
    0.13708E-01    0.27408E+05
    0.13845E-01    0.27450E+05
    0.13984E-01    0.27489E+05
    0.14125E-01    0.27527E+05
    0.14267E-01    0.27561E+05
    0.14410E-01    0.27594E+05
    0.14555E-01    0.27623E+05
    0.14701E-01    0.27651E+05
    0.14849E-01    0.27676E+05
    0.14998E-01    0.27698E+05
    0.15149E-01    0.27717E+05
    0.15301E-01    0.27734E+05
    0.15455E-01    0.27748E+05
    0.15611E-01    0.27760E+05
    0.15767E-01    0.27768E+05
    0.15926E-01    0.27774E+05
    0.16086E-01    0.27777E+05
    0.16248E-01    0.27777E+05
    0.16411E-01    0.27774E+05
    0.16576E-01    0.27768E+05
    0.16742E-01    0.27760E+05
    0.16911E-01    0.27748E+05
    0.17081E-01    0.27733E+05
    0.17252E-01    0.27715E+05
    0.17426E-01    0.27694E+05
    0.17601E-01    0.27670E+05
    0.17778E-01    0.27643E+05
    0.17956E-01    0.27612E+05
    0.18137E-01    0.27579E+05
    0.18319E-01    0.27542E+05
    0.18503E-01    0.27502E+05
    0.18689E-01    0.27459E+05
    0.18877E-01    0.27412E+05
    0.19067E-01    0.27362E+05
    0.19258E-01    0.27309E+05
    0.19452E-01    0.27253E+05
    0.19647E-01    0.27193E+05
    0.19845E-01    0.27130E+05
    0.20044E-01    0.27064E+05
    0.20246E-01    0.26994E+05
    0.20449E-01    0.26921E+05
    0.20655E-01    0.26845E+05
    0.20862E-01    0.26765E+05
    0.21072E-01    0.26682E+05
    0.21284E-01    0.26596E+05
    0.21498E-01    0.26506E+05
    0.21714E-01    0.26413E+05
    0.21932E-01    0.26317E+05
    0.22152E-01    0.26217E+05
    0.22375E-01    0.26114E+05
    0.22600E-01    0.26008E+05
    0.22827E-01    0.25899E+05
    0.23056E-01    0.25787E+05
    0.23288E-01    0.25671E+05
    0.23522E-01    0.25552E+05
    0.23759E-01    0.25431E+05
    0.23997E-01    0.25306E+05
    0.24239E-01    0.25178E+05
    0.24482E-01    0.25047E+05
    0.24728E-01    0.24914E+05
    0.24977E-01    0.24777E+05
    0.25228E-01    0.24638E+05
    0.25481E-01    0.24496E+05
    0.25737E-01    0.24351E+05
    0.25996E-01    0.24203E+05
    0.26257E-01    0.24053E+05
    0.26521E-01    0.23901E+05
    0.26788E-01    0.23746E+05
    0.27057E-01    0.23589E+05
    0.27329E-01    0.23429E+05
    0.27604E-01    0.23268E+05
    0.27881E-01    0.23104E+05
    0.28161E-01    0.22938E+05
    0.28444E-01    0.22771E+05
    0.28730E-01    0.22601E+05
    0.29019E-01    0.22430E+05
    0.29310E-01    0.22257E+05
    0.29605E-01    0.22083E+05
    0.29903E-01    0.21908E+05
    0.30203E-01    0.21731E+05
    0.30507E-01    0.21553E+05
    0.30813E-01    0.21374E+05
    0.31123E-01    0.21194E+05
    0.31436E-01    0.21013E+05
    0.31752E-01    0.20831E+05
    0.32071E-01    0.20649E+05
    0.32393E-01    0.20466E+05
    0.32719E-01    0.20284E+05
    0.33047E-01    0.20101E+05
    0.33380E-01    0.19917E+05
    0.33715E-01    0.19734E+05
    0.34054E-01    0.19551E+05
    0.34396E-01    0.19369E+05
    0.34742E-01    0.19187E+05
    0.35091E-01    0.19005E+05
    0.35444E-01    0.18824E+05
    0.35800E-01    0.18644E+05
    0.36160E-01    0.18465E+05
    0.36523E-01    0.18284E+05
    0.36890E-01    0.18105E+05
    0.37261E-01    0.17927E+05
    0.37635E-01    0.17750E+05
    0.38014E-01    0.17575E+05
    0.38396E-01    0.17401E+05
    0.38782E-01    0.17229E+05
    0.39171E-01    0.17059E+05
    0.39565E-01    0.16891E+05
    0.39963E-01    0.16726E+05
    0.40364E-01    0.16563E+05
    0.40770E-01    0.16402E+05
    0.41180E-01    0.16244E+05
    0.41594E-01    0.16088E+05
    0.42012E-01    0.15935E+05
    0.42434E-01    0.15785E+05
    0.42860E-01    0.15637E+05
    0.43291E-01    0.15493E+05
    0.43726E-01    0.15351E+05
    0.44166E-01    0.15212E+05
    0.44609E-01    0.15076E+05
    0.45058E-01    0.14943E+05
    0.45511E-01    0.14813E+05
    0.45968E-01    0.14686E+05
    0.46430E-01    0.14562E+05
    0.46897E-01    0.14441E+05
    0.47368E-01    0.14322E+05
    0.47844E-01    0.14206E+05
    0.48325E-01    0.14093E+05
    0.48810E-01    0.13982E+05
    0.49301E-01    0.13873E+05
    0.49796E-01    0.13767E+05
    0.50297E-01    0.13664E+05
    0.50802E-01    0.13562E+05
    0.51313E-01    0.13462E+05
    0.51829E-01    0.13365E+05
    0.52350E-01    0.13269E+05
    0.52876E-01    0.13175E+05
    0.53407E-01    0.13082E+05
    0.53944E-01    0.12991E+05
    0.54486E-01    0.12901E+05
    0.55034E-01    0.12813E+05
    0.55587E-01    0.12725E+05
    0.56145E-01    0.12639E+05
    0.56710E-01    0.12554E+05
    0.57280E-01    0.12471E+05
    0.57855E-01    0.12387E+05
    0.58437E-01    0.12326E+05
    0.59024E-01    0.12244E+05
    0.59617E-01    0.12162E+05
    0.60216E-01    0.12080E+05
    0.60822E-01    0.11998E+05
    0.61433E-01    0.11914E+05
    0.62050E-01    0.11830E+05
    0.62674E-01    0.11744E+05
    0.63304E-01    0.11657E+05
    0.63940E-01    0.11568E+05
    0.64583E-01    0.11477E+05
    0.65232E-01    0.11384E+05
    0.65887E-01    0.11288E+05
    0.66549E-01    0.11190E+05
    0.67218E-01    0.11090E+05
    0.67894E-01    0.10986E+05
    0.68576E-01    0.10880E+05
    0.69265E-01    0.10770E+05
    0.69961E-01    0.10658E+05
    0.70665E-01    0.10542E+05
    0.71375E-01    0.10423E+05
    0.72092E-01    0.10300E+05
    0.72817E-01    0.10175E+05
    0.73548E-01    0.10046E+05
    0.74288E-01    0.99150E+04
    0.75034E-01    0.97807E+04
    0.75788E-01    0.96439E+04
    0.76550E-01    0.95046E+04
    0.77319E-01    0.93631E+04
    0.78096E-01    0.92198E+04
    0.78881E-01    0.90748E+04
    0.79674E-01    0.89284E+04
    0.80475E-01    0.87810E+04
    0.81284E-01    0.86328E+04
    0.82101E-01    0.84843E+04
    0.82926E-01    0.83356E+04
    0.83759E-01    0.81872E+04
    0.84601E-01    0.80394E+04
    0.85451E-01    0.78924E+04
    0.86310E-01    0.77468E+04
    0.87177E-01    0.76026E+04
    0.88053E-01    0.74604E+04
    0.88938E-01    0.73204E+04
    0.89832E-01    0.71830E+04
    0.90735E-01    0.70484E+04
    0.91647E-01    0.69169E+04
    0.92568E-01    0.67890E+04
    0.93498E-01    0.66648E+04
    0.94438E-01    0.65446E+04
    0.95387E-01    0.64286E+04
    0.96346E-01    0.63171E+04
    0.97314E-01    0.62103E+04
    0.98292E-01    0.61082E+04
    0.99280E-01    0.60109E+04
    0.10028E+00    0.59186E+04
    0.10129E+00    0.58312E+04
    0.10230E+00    0.57487E+04
    0.10333E+00    0.56709E+04
    0.10437E+00    0.55978E+04
    0.10542E+00    0.55290E+04
    0.10648E+00    0.54644E+04
    0.10755E+00    0.54037E+04
    0.10863E+00    0.53465E+04
    0.10972E+00    0.52925E+04
    0.11082E+00    0.52413E+04
    0.11194E+00    0.51926E+04
    0.11306E+00    0.51458E+04
    0.11420E+00    0.51005E+04
    0.11535E+00    0.50564E+04
    0.11651E+00    0.50128E+04
    0.11768E+00    0.49694E+04
    0.11886E+00    0.49257E+04
    0.12005E+00    0.48812E+04
    0.12126E+00    0.48354E+04
    0.12248E+00    0.47878E+04
    0.12371E+00    0.47381E+04
    0.12495E+00    0.46858E+04
    0.12621E+00    0.46307E+04
    0.12748E+00    0.45724E+04
    0.12876E+00    0.45108E+04
    0.13005E+00    0.44458E+04
    0.13136E+00    0.43775E+04
    0.13268E+00    0.43060E+04
    0.13401E+00    0.42314E+04
    0.13536E+00    0.41543E+04
    0.13672E+00    0.40748E+04
    0.13810E+00    0.39935E+04
    0.13948E+00    0.39110E+04
    0.14089E+00    0.38276E+04
    0.14230E+00    0.37439E+04
    0.14373E+00    0.36605E+04
    0.14518E+00    0.35778E+04
    0.14663E+00    0.34963E+04
    0.14811E+00    0.34165E+04
    0.14960E+00    0.33389E+04
    0.15110E+00    0.32638E+04
    0.15262E+00    0.31916E+04
    0.15415E+00    0.31227E+04
    0.15570E+00    0.30573E+04
    0.15727E+00    0.29959E+04
    0.15885E+00    0.29384E+04
    0.16044E+00    0.28851E+04
    0.16206E+00    0.28358E+04
    0.16369E+00    0.27905E+04
    0.16533E+00    0.27490E+04
    0.16699E+00    0.27109E+04
    0.16867E+00    0.26759E+04
    0.17037E+00    0.26433E+04
    0.17208E+00    0.26128E+04
    0.17381E+00    0.25838E+04
    0.17555E+00    0.25558E+04
    0.17732E+00    0.25282E+04
    0.17910E+00    0.25004E+04
    0.18090E+00    0.24721E+04
    0.18272E+00    0.24427E+04
    0.18455E+00    0.24120E+04
    0.18641E+00    0.23795E+04
    0.18828E+00    0.23451E+04
    0.19017E+00    0.23085E+04
    0.19209E+00    0.22698E+04
    0.19402E+00    0.22290E+04
    0.19597E+00    0.21863E+04
    0.19794E+00    0.21419E+04
    0.19993E+00    0.20962E+04
    0.20193E+00    0.20498E+04
    0.20396E+00    0.20029E+04
    0.20601E+00    0.19561E+04
    0.20808E+00    0.19100E+04
    0.21018E+00    0.18649E+04
    0.21229E+00    0.18212E+04
    0.21442E+00    0.17794E+04
    0.21658E+00    0.17398E+04
    0.21875E+00    0.17027E+04
    0.22095E+00    0.16682E+04
    0.22317E+00    0.16363E+04
    0.22542E+00    0.16070E+04
    0.22768E+00    0.15801E+04
    0.22997E+00    0.15553E+04
    0.23228E+00    0.15322E+04
    0.23461E+00    0.15105E+04
    0.23697E+00    0.14896E+04
    0.23935E+00    0.14691E+04
    0.24176E+00    0.14487E+04
    0.24419E+00    0.14280E+04
    0.24664E+00    0.14066E+04
    0.24912E+00    0.13844E+04
    0.25163E+00    0.13611E+04
    0.25416E+00    0.13368E+04
    0.25671E+00    0.13113E+04
    0.25929E+00    0.12849E+04
    0.26190E+00    0.12577E+04
    0.26453E+00    0.12300E+04
    0.26719E+00    0.12022E+04
    0.26987E+00    0.11747E+04
    0.27258E+00    0.11478E+04
    0.27532E+00    0.11217E+04
    0.27809E+00    0.10968E+04
    0.28088E+00    0.10732E+04
    0.28371E+00    0.10510E+04
    0.28656E+00    0.10303E+04
    0.28944E+00    0.10109E+04
    0.29235E+00    0.99273E+03
    0.29529E+00    0.97560E+03
    0.29825E+00    0.95925E+03
    0.30125E+00    0.94341E+03
    0.30428E+00    0.92781E+03
    0.30734E+00    0.91222E+03
    0.31043E+00    0.89642E+03
    0.31355E+00    0.88027E+03
    0.31670E+00    0.86368E+03
    0.31988E+00    0.84665E+03
    0.32309E+00    0.82923E+03
    0.32634E+00    0.81158E+03
    0.32962E+00    0.79386E+03
    0.33293E+00    0.77630E+03
    0.33628E+00    0.75911E+03
    0.33966E+00    0.74246E+03
    0.34307E+00    0.72649E+03
    0.34652E+00    0.71126E+03
    0.35000E+00    0.69678E+03
    0.35352E+00    0.68301E+03
    0.35707E+00    0.66989E+03
    0.36066E+00    0.65732E+03
    0.36429E+00    0.64513E+03
    0.36795E+00    0.63318E+03
    0.37165E+00    0.62131E+03
    0.37538E+00    0.60940E+03
    0.37915E+00    0.59740E+03
    0.38297E+00    0.58531E+03
    0.38681E+00    0.57316E+03
    0.39070E+00    0.56102E+03
    0.39463E+00    0.54896E+03
    0.39859E+00    0.53706E+03
    0.40260E+00    0.52544E+03
    0.40665E+00    0.51418E+03
    0.41073E+00    0.50334E+03
    0.41486E+00    0.49292E+03
    0.41903E+00    0.48288E+03
    0.42324E+00    0.47318E+03
    0.42750E+00    0.46375E+03
    0.43179E+00    0.45453E+03
    0.43613E+00    0.44543E+03
    0.44052E+00    0.43640E+03
    0.44494E+00    0.42740E+03
    0.44941E+00    0.41845E+03
    0.45393E+00    0.40958E+03
    0.45849E+00    0.40081E+03
    0.46310E+00    0.39220E+03
    0.46775E+00    0.38376E+03
    0.47246E+00    0.37555E+03
    0.47720E+00    0.36759E+03
    0.48200E+00    0.35987E+03
    0.48684E+00    0.35237E+03
    0.49174E+00    0.34504E+03
    0.49668E+00    0.33786E+03
    0.50167E+00    0.33081E+03
    0.50671E+00    0.32387E+03
    0.51181E+00    0.31700E+03
    0.51695E+00    0.31022E+03
    0.52214E+00    0.30354E+03
    0.52739E+00    0.29699E+03
    0.53269E+00    0.29058E+03
    0.53805E+00    0.28432E+03
    0.54345E+00    0.27821E+03
    0.54892E+00    0.27226E+03
    0.55443E+00    0.26645E+03
    0.56000E+00    0.26076E+03
    0.56563E+00    0.25518E+03
    0.57132E+00    0.24970E+03
    0.57706E+00    0.24432E+03
    0.58286E+00    0.23902E+03
    0.58872E+00    0.23382E+03
    0.59463E+00    0.22873E+03
    0.60061E+00    0.22375E+03
    0.60665E+00    0.21888E+03
    0.61274E+00    0.21412E+03
    0.61890E+00    0.20947E+03
    0.62512E+00    0.20492E+03
    0.63140E+00    0.20045E+03
    0.63775E+00    0.19607E+03
    0.64416E+00    0.19178E+03
    0.65063E+00    0.18758E+03
    0.65717E+00    0.18346E+03
    0.66378E+00    0.17942E+03
    0.67045E+00    0.17547E+03
    0.67718E+00    0.17161E+03
    0.68399E+00    0.16783E+03
    0.69087E+00    0.16413E+03
    0.69781E+00    0.16051E+03
    0.70482E+00    0.15696E+03
    0.71191E+00    0.15349E+03
    0.71906E+00    0.15008E+03
    0.72629E+00    0.14675E+03
    0.73359E+00    0.14349E+03
    0.74096E+00    0.14030E+03
    0.74841E+00    0.13718E+03
    0.75593E+00    0.13412E+03
    0.76352E+00    0.13113E+03
    0.77120E+00    0.12820E+03
    0.77895E+00    0.12533E+03
    0.78678E+00    0.12253E+03
    0.79468E+00    0.11978E+03
    0.80267E+00    0.11709E+03
    0.81074E+00    0.11446E+03
    0.81889E+00    0.11189E+03
    0.82712E+00    0.10937E+03
    0.83543E+00    0.10691E+03
    0.84382E+00    0.10450E+03
    0.85231E+00    0.10214E+03
    0.86087E+00    0.99834E+02
    0.86952E+00    0.97576E+02
    0.87826E+00    0.95367E+02
    0.88709E+00    0.93207E+02
    0.89600E+00    0.91092E+02
    0.90501E+00    0.89025E+02
    0.91410E+00    0.87002E+02
    0.92329E+00    0.85022E+02
    0.93257E+00    0.83088E+02
    0.94194E+00    0.81193E+02
    0.95141E+00    0.79342E+02
    0.96097E+00    0.77530E+02
    0.97063E+00    0.75758E+02
    0.98038E+00    0.74026E+02
    0.99024E+00    0.72330E+02
    0.10002E+01    0.70672E+02
    0.10102E+01    0.69051E+02
    0.10204E+01    0.67465E+02
    0.10306E+01    0.65914E+02
    0.10410E+01    0.64398E+02
    0.10515E+01    0.62915E+02
    0.10620E+01    0.61464E+02
    0.10727E+01    0.60047E+02
    0.10835E+01    0.58660E+02
    0.10944E+01    0.57305E+02
    0.11054E+01    0.55979E+02
    0.11165E+01    0.54684E+02
    0.11277E+01    0.53417E+02
    0.11390E+01    0.52179E+02
    0.11505E+01    0.50968E+02
    0.11621E+01    0.49784E+02
    0.11737E+01    0.48627E+02
    0.11855E+01    0.47496E+02
    0.11974E+01    0.46390E+02
    0.12095E+01    0.45310E+02
    0.12216E+01    0.44253E+02
    0.12339E+01    0.43220E+02
    0.12463E+01    0.42210E+02
    0.12588E+01    0.41223E+02
    0.12715E+01    0.40259E+02
    0.12843E+01    0.39316E+02
    0.12972E+01    0.38394E+02
    0.13102E+01    0.37494E+02
    0.13234E+01    0.36613E+02
    0.13367E+01    0.35753E+02
    0.13501E+01    0.34912E+02
    0.13637E+01    0.34091E+02
    0.13774E+01    0.33288E+02
    0.13912E+01    0.32504E+02
    0.14052E+01    0.31737E+02
    0.14193E+01    0.30988E+02
    0.14336E+01    0.30256E+02
    0.14480E+01    0.29541E+02
    0.14626E+01    0.28842E+02
    0.14773E+01    0.28160E+02
    0.14921E+01    0.27493E+02
    0.15071E+01    0.26841E+02
    0.15222E+01    0.26204E+02
    0.15375E+01    0.25582E+02
    0.15530E+01    0.24974E+02
    0.15686E+01    0.24380E+02
    0.15844E+01    0.23800E+02
    0.16003E+01    0.23233E+02
    0.16164E+01    0.22680E+02
    0.16326E+01    0.22139E+02
    0.16490E+01    0.21611E+02
    0.16656E+01    0.21095E+02
    0.16823E+01    0.20591E+02
    0.16993E+01    0.20098E+02
    0.17163E+01    0.19617E+02
    0.17336E+01    0.19148E+02
    0.17510E+01    0.18689E+02
    0.17686E+01    0.18241E+02
    0.17864E+01    0.17803E+02
    0.18043E+01    0.17376E+02
    0.18225E+01    0.16958E+02
    0.18408E+01    0.16551E+02
    0.18593E+01    0.16152E+02
    0.18780E+01    0.15764E+02
    0.18968E+01    0.15384E+02
    0.19159E+01    0.15013E+02
    0.19352E+01    0.14651E+02
    0.19546E+01    0.14297E+02
    0.19743E+01    0.13952E+02
    0.19941E+01    0.13615E+02
    0.20141E+01    0.13286E+02
    0.20344E+01    0.12964E+02
    0.20548E+01    0.12650E+02
    0.20755E+01    0.12344E+02
    0.20963E+01    0.12044E+02
    0.21174E+01    0.11752E+02
    0.21387E+01    0.11467E+02
    0.21602E+01    0.11189E+02
    0.21819E+01    0.10917E+02
    0.22038E+01    0.10651E+02
    0.22260E+01    0.10392E+02
    0.22483E+01    0.10139E+02
    0.22709E+01    0.98921E+01
    0.22938E+01    0.96510E+01
    0.23168E+01    0.94156E+01
    0.23401E+01    0.91858E+01
    0.23636E+01    0.89615E+01
    0.23874E+01    0.87425E+01
    0.24114E+01    0.85287E+01
    0.24356E+01    0.83201E+01
    0.24601E+01    0.81165E+01
    0.24848E+01    0.79177E+01
    0.25098E+01    0.77237E+01
    0.25350E+01    0.75343E+01
    0.25605E+01    0.73495E+01
    0.25862E+01    0.71691E+01
    0.26122E+01    0.69931E+01
    0.26384E+01    0.68213E+01
    0.26650E+01    0.66536E+01
    0.26917E+01    0.64899E+01
    0.27188E+01    0.63302E+01
    0.27461E+01    0.61743E+01
    0.27737E+01    0.60221E+01
    0.28016E+01    0.58736E+01
    0.28298E+01    0.57288E+01
    0.28582E+01    0.55874E+01
    0.28869E+01    0.54494E+01
    0.29159E+01    0.53148E+01
    0.29452E+01    0.51834E+01
    0.29748E+01    0.50552E+01
    0.30047E+01    0.49302E+01
    0.30349E+01    0.48081E+01
    0.30654E+01    0.46890E+01
    0.30962E+01    0.45728E+01
    0.31274E+01    0.44594E+01
    0.31588E+01    0.43488E+01
    0.31905E+01    0.42408E+01
    0.32226E+01    0.41355E+01
    0.32550E+01    0.40328E+01
    0.32877E+01    0.39325E+01
    0.33207E+01    0.38347E+01
    0.33541E+01    0.37393E+01
    0.33878E+01    0.36462E+01
    0.34219E+01    0.35554E+01
    0.34563E+01    0.34668E+01
    0.34910E+01    0.33804E+01
    0.35261E+01    0.32961E+01
    0.35615E+01    0.32138E+01
    0.35973E+01    0.31336E+01
    0.36335E+01    0.30553E+01
    0.36700E+01    0.29789E+01
    0.37069E+01    0.29044E+01
    0.37441E+01    0.28318E+01
    0.37818E+01    0.27609E+01
    0.38198E+01    0.26918E+01
    0.38582E+01    0.26243E+01
    0.38969E+01    0.25586E+01
    0.39361E+01    0.24944E+01
    0.39757E+01    0.24319E+01
    0.40156E+01    0.23708E+01
    0.40560E+01    0.23113E+01
    0.40967E+01    0.22533E+01
    0.41379E+01    0.21966E+01
    0.41795E+01    0.21414E+01
    0.42215E+01    0.20875E+01
    0.42639E+01    0.20350E+01
    0.43068E+01    0.19838E+01
    0.43501E+01    0.19338E+01
    0.43938E+01    0.18851E+01
    0.44379E+01    0.18376E+01
    0.44825E+01    0.17912E+01
    0.45276E+01    0.17460E+01
    0.45731E+01    0.17020E+01
    0.46190E+01    0.16590E+01
    0.46655E+01    0.16171E+01
    0.47124E+01    0.15762E+01
    0.47597E+01    0.15363E+01
    0.48076E+01    0.14975E+01
    0.48559E+01    0.14596E+01
    0.49047E+01    0.14226E+01
    0.49540E+01    0.13866E+01
    0.50038E+01    0.13515E+01
    0.50540E+01    0.13172E+01
    0.51048E+01    0.12838E+01
    0.51561E+01    0.12512E+01
    0.52080E+01    0.12195E+01
    0.52603E+01    0.11885E+01
    0.53132E+01    0.11583E+01
    0.53666E+01    0.11289E+01
    0.54205E+01    0.11002E+01
    0.54750E+01    0.10722E+01
    0.55300E+01    0.10450E+01
    0.55856E+01    0.10184E+01
    0.56417E+01    0.99243E+00
    0.56984E+01    0.96716E+00
    0.57557E+01    0.94252E+00
    0.58135E+01    0.91849E+00
    0.58720E+01    0.89507E+00
    0.59310E+01    0.87224E+00
    0.59906E+01    0.84998E+00
    0.60508E+01    0.82828E+00
    0.61116E+01    0.80712E+00
    0.61730E+01    0.78650E+00
    0.62351E+01    0.76640E+00
    0.62977E+01    0.74681E+00
    0.63610E+01    0.72771E+00
    0.64250E+01    0.70909E+00
    0.64895E+01    0.69094E+00
    0.65547E+01    0.67325E+00
    0.66206E+01    0.65600E+00
    0.66872E+01    0.63919E+00
    0.67544E+01    0.62280E+00
    0.68222E+01    0.60683E+00
    0.68908E+01    0.59127E+00
    0.69601E+01    0.57609E+00
    0.70300E+01    0.56131E+00
    0.71007E+01    0.54689E+00
    0.71720E+01    0.53284E+00
    0.72441E+01    0.51915E+00
    0.73169E+01    0.50580E+00
    0.73905E+01    0.49280E+00
    0.74647E+01    0.48012E+00
    0.75397E+01    0.46776E+00
    0.76155E+01    0.45572E+00
    0.76921E+01    0.44398E+00
    0.77694E+01    0.43255E+00
    0.78475E+01    0.42140E+00
    0.79263E+01    0.41054E+00
    0.80060E+01    0.39995E+00
    0.80864E+01    0.38963E+00
    0.81677E+01    0.37958E+00
    0.82498E+01    0.36978E+00
    0.83327E+01    0.36023E+00
    0.84165E+01    0.35093E+00
    0.85010E+01    0.34186E+00
    0.85865E+01    0.33302E+00
    0.86728E+01    0.32441E+00
    0.87599E+01    0.31602E+00
    0.88480E+01    0.30784E+00
    0.89369E+01    0.29988E+00
    0.90267E+01    0.29211E+00
    0.91174E+01    0.28455E+00
    0.92091E+01    0.27717E+00
    0.93016E+01    0.26999E+00
    0.93951E+01    0.26299E+00
    0.94895E+01    0.25617E+00
    0.95849E+01    0.24953E+00
    0.96812E+01    0.24305E+00
    0.97785E+01    0.23674E+00
    0.98768E+01    0.23060E+00
    0.99761E+01    0.22461E+00
    0.10076E+02    0.21877E+00
    0.10178E+02    0.21309E+00
    0.10280E+02    0.20755E+00
    0.10383E+02    0.20215E+00
    0.10488E+02    0.19689E+00
    0.10593E+02    0.19177E+00
    0.10699E+02    0.18677E+00
    0.10807E+02    0.18191E+00
    0.10916E+02    0.17717E+00
    0.11025E+02    0.17256E+00
    0.11136E+02    0.16806E+00
    0.11248E+02    0.16368E+00
    0.11361E+02    0.15941E+00
    0.11475E+02    0.15525E+00
    0.11591E+02    0.15120E+00
    0.11707E+02    0.14726E+00
    0.11825E+02    0.14341E+00
    0.11944E+02    0.13967E+00
    0.12064E+02    0.13602E+00
    0.12185E+02    0.13246E+00
    0.12307E+02    0.12900E+00
    0.12431E+02    0.12563E+00
    0.12556E+02    0.12234E+00
    0.12682E+02    0.11914E+00
    0.12810E+02    0.11602E+00
    0.12938E+02    0.11299E+00
    0.13068E+02    0.11003E+00
    0.13200E+02    0.10715E+00
    0.13332E+02    0.10434E+00
    0.13466E+02    0.10161E+00
    0.13602E+02    0.98943E-01
    0.13738E+02    0.96349E-01
    0.13876E+02    0.93822E-01
    0.14016E+02    0.91361E-01
    0.14157E+02    0.88963E-01
    0.14299E+02    0.86628E-01
    0.14443E+02    0.84354E-01
    0.14588E+02    0.82138E-01
    0.14734E+02    0.79981E-01
    0.14883E+02    0.77879E-01
    0.15032E+02    0.75832E-01
    0.15183E+02    0.73838E-01
    0.15336E+02    0.71896E-01
    0.15490E+02    0.70005E-01
    0.15646E+02    0.68163E-01
    0.15803E+02    0.66369E-01
    0.15962E+02    0.64622E-01
    0.16122E+02    0.62920E-01
    0.16284E+02    0.61263E-01
    0.16448E+02    0.59648E-01
    0.16613E+02    0.58077E-01
    0.16780E+02    0.56546E-01
    0.16949E+02    0.55055E-01
    0.17119E+02    0.53602E-01
    0.17291E+02    0.52188E-01
    0.17465E+02    0.50811E-01
    0.17640E+02    0.49470E-01
    0.17818E+02    0.48164E-01
    0.17997E+02    0.46892E-01
    0.18178E+02    0.45653E-01
    0.18360E+02    0.44447E-01
    0.18545E+02    0.43272E-01
    0.18731E+02    0.42128E-01
    0.18919E+02    0.41014E-01
    0.19110E+02    0.39930E-01
    0.19302E+02    0.38873E-01
    0.19496E+02    0.37845E-01
    0.19692E+02    0.36843E-01
    0.19889E+02    0.35867E-01
    0.20089E+02    0.34918E-01
    0.20291E+02    0.33993E-01
    0.20495E+02    0.33092E-01
    0.20701E+02    0.32215E-01
    0.20909E+02    0.31361E-01
    0.21119E+02    0.30529E-01
    0.21332E+02    0.29720E-01
    0.21546E+02    0.28931E-01
    0.21763E+02    0.28164E-01
    0.21981E+02    0.27416E-01
    0.22202E+02    0.26689E-01
    0.22425E+02    0.25980E-01
    0.22651E+02    0.25290E-01
    0.22878E+02    0.24618E-01
    0.23108E+02    0.23964E-01
    0.23340E+02    0.23327E-01
    0.23575E+02    0.22707E-01
    0.23812E+02    0.22103E-01
    0.24051E+02    0.21515E-01
    0.24293E+02    0.20943E-01
    0.24537E+02    0.20385E-01
    0.24784E+02    0.19843E-01
    0.25033E+02    0.19314E-01
    0.25284E+02    0.18800E-01
    0.25539E+02    0.18299E-01
    0.25795E+02    0.17812E-01
    0.26054E+02    0.17337E-01
    0.26316E+02    0.16875E-01
    0.26581E+02    0.16425E-01
    0.26848E+02    0.15987E-01
    0.27118E+02    0.15561E-01
    0.27390E+02    0.15146E-01
    0.27666E+02    0.14742E-01
    0.27944E+02    0.14348E-01
    0.28224E+02    0.13965E-01
    0.28508E+02    0.13592E-01
    0.28795E+02    0.13229E-01
    0.29084E+02    0.12876E-01
    0.29376E+02    0.12532E-01
    0.29672E+02    0.12197E-01
    0.29970E+02    0.11871E-01
    0.30271E+02    0.11553E-01
    0.30575E+02    0.11244E-01
    0.30882E+02    0.10943E-01
    0.31193E+02    0.10651E-01
    0.31506E+02    0.10365E-01
    0.31823E+02    0.10088E-01
    0.32143E+02    0.98179E-02
    0.32466E+02    0.95549E-02
    0.32792E+02    0.92990E-02
    0.33122E+02    0.90498E-02
    0.33455E+02    0.88073E-02
    0.33791E+02    0.85712E-02
    0.34130E+02    0.83414E-02
    0.34473E+02    0.81176E-02
    0.34820E+02    0.78999E-02
    0.35170E+02    0.76880E-02
    0.35523E+02    0.74816E-02
    0.35880E+02    0.72808E-02
    0.36241E+02    0.70853E-02
    0.36605E+02    0.68951E-02
    0.36973E+02    0.67098E-02
    0.37345E+02    0.65296E-02
    0.37720E+02    0.63541E-02
    0.38099E+02    0.61833E-02
    0.38482E+02    0.60171E-02
    0.38869E+02    0.58553E-02
    0.39259E+02    0.56978E-02
    0.39654E+02    0.55445E-02
    0.40052E+02    0.53953E-02
    0.40455E+02    0.52501E-02
    0.40862E+02    0.51088E-02
    0.41272E+02    0.49712E-02
    0.41687E+02    0.48373E-02
    0.42106E+02    0.47070E-02
    0.42529E+02    0.45802E-02
    0.42957E+02    0.44567E-02
    0.43388E+02    0.43366E-02
    0.43824E+02    0.42197E-02
    0.44265E+02    0.41059E-02
    0.44710E+02    0.39951E-02
    0.45159E+02    0.38873E-02
    0.45613E+02    0.37824E-02
    0.46071E+02    0.36803E-02
    0.46534E+02    0.35809E-02
    0.47002E+02    0.34842E-02
    0.47474E+02    0.33901E-02
    0.47951E+02    0.32985E-02
    0.48433E+02    0.32094E-02
    0.48920E+02    0.31226E-02
    0.49412E+02    0.30382E-02
    0.49908E+02    0.29560E-02
    0.50410E+02    0.28761E-02
    0.50917E+02    0.27983E-02
    0.51428E+02    0.27225E-02
    0.51945E+02    0.26488E-02
    0.52467E+02    0.25771E-02
    0.52995E+02    0.25073E-02
    0.53527E+02    0.24394E-02
    0.54065E+02    0.23733E-02
    0.54608E+02    0.23090E-02
    0.55157E+02    0.22464E-02
    0.55712E+02    0.21855E-02
    0.56272E+02    0.21263E-02
    0.56837E+02    0.20686E-02
    0.57408E+02    0.20124E-02
    0.57985E+02    0.19578E-02
    0.58568E+02    0.19047E-02
    0.59157E+02    0.18530E-02
    0.59751E+02    0.18027E-02
    0.60352E+02    0.17537E-02
    0.60958E+02    0.17060E-02
    0.61571E+02    0.16597E-02
    0.62190E+02    0.16145E-02
    0.62815E+02    0.15706E-02
    0.63446E+02    0.15279E-02
    0.64084E+02    0.14864E-02
    0.64728E+02    0.14459E-02
    0.65378E+02    0.14066E-02
    0.66035E+02    0.13683E-02
    0.66699E+02    0.13310E-02
    0.67369E+02    0.12947E-02
    0.68046E+02    0.12595E-02
    0.68730E+02    0.12251E-02
    0.69421E+02    0.11917E-02
    0.70119E+02    0.11593E-02
    0.70823E+02    0.11276E-02
    0.71535E+02    0.10969E-02
    0.72254E+02    0.10669E-02
    0.72980E+02    0.10378E-02
    0.73714E+02    0.10095E-02
    0.74455E+02    0.98190E-03
    0.75203E+02    0.95508E-03
    0.75959E+02    0.92898E-03
    0.76722E+02    0.90359E-03
    0.77493E+02    0.87888E-03
    0.78272E+02    0.85484E-03
    0.79059E+02    0.83146E-03
    0.79853E+02    0.80870E-03
    0.80656E+02    0.78657E-03
    0.81466E+02    0.76503E-03
    0.82285E+02    0.74408E-03
    0.83112E+02    0.72369E-03
    0.83947E+02    0.70386E-03
    0.84791E+02    0.68456E-03
    0.85643E+02    0.66579E-03
    0.86504E+02    0.64753E-03
    0.87373E+02    0.62976E-03
    0.88251E+02    0.61248E-03
    0.89138E+02    0.59566E-03
    0.90034E+02    0.57930E-03
    0.90939E+02    0.56339E-03
    0.91853E+02    0.54790E-03
    0.92776E+02    0.53284E-03
    0.93708E+02    0.51819E-03
    0.94650E+02    0.50394E-03
    0.95602E+02    0.49007E-03
    0.96562E+02    0.47658E-03
    0.97533E+02    0.46346E-03
    0.98513E+02    0.45069E-03
    0.99503E+02    0.43827E-03
    0.10050E+03    0.42619E-03
    0.10151E+03    0.41444E-03
    0.10253E+03    0.40301E-03
    0.10356E+03    0.39189E-03
    0.10460E+03    0.38107E-03
    0.10566E+03    0.37055E-03
    0.10672E+03    0.36031E-03
    0.10779E+03    0.35035E-03
    0.10887E+03    0.34067E-03
    0.10997E+03    0.33125E-03
    0.11107E+03    0.32208E-03
    0.11219E+03    0.31317E-03
    0.11332E+03    0.30450E-03
    0.11446E+03    0.29606E-03
    0.11561E+03    0.28786E-03
    0.11677E+03    0.27988E-03
    0.11794E+03    0.27212E-03
    0.11913E+03    0.26457E-03
    0.12032E+03    0.25723E-03
    0.12153E+03    0.25008E-03
    0.12275E+03    0.24314E-03
    0.12399E+03    0.23638E-03
    0.12523E+03    0.22981E-03
    0.12649E+03    0.22341E-03
    0.12776E+03    0.21720E-03
    0.12905E+03    0.21115E-03
    0.13035E+03    0.20527E-03
    0.13166E+03    0.19955E-03
    0.13298E+03    0.19399E-03
    0.13432E+03    0.18857E-03
    0.13567E+03    0.18331E-03
    0.13703E+03    0.17819E-03
    0.13841E+03    0.17322E-03
    0.13980E+03    0.16837E-03
    0.14120E+03    0.16367E-03
    0.14262E+03    0.15909E-03
    0.14405E+03    0.15464E-03
    0.14550E+03    0.15030E-03
    0.14696E+03    0.14609E-03
    0.14844E+03    0.14200E-03
    0.14993E+03    0.13801E-03
    0.15144E+03    0.13414E-03
    0.15296E+03    0.13037E-03
    0.15450E+03    0.12671E-03
    0.15605E+03    0.12315E-03
    0.15762E+03    0.11968E-03
    0.15920E+03    0.11631E-03
    0.16080E+03    0.11304E-03
    0.16242E+03    0.10985E-03
    0.16405E+03    0.10675E-03
    0.16570E+03    0.10374E-03
    0.16737E+03    0.10081E-03
    0.16905E+03    0.97966E-04
    0.17075E+03    0.95196E-04
    0.17246E+03    0.92503E-04
    0.17420E+03    0.89885E-04
    0.17595E+03    0.87339E-04
    0.17772E+03    0.84863E-04
    0.17950E+03    0.82456E-04
    0.18131E+03    0.80116E-04
    0.18313E+03    0.77840E-04
    0.18497E+03    0.75628E-04
    0.18683E+03    0.73477E-04
    0.18871E+03    0.71385E-04
    0.19060E+03    0.69352E-04
    0.19252E+03    0.67375E-04
    0.19445E+03    0.65452E-04
    0.19641E+03    0.63584E-04
    0.19838E+03    0.61767E-04
    0.20037E+03    0.60001E-04
    0.20239E+03    0.58284E-04
    0.20442E+03    0.56615E-04
    0.20648E+03    0.54992E-04
    0.20855E+03    0.53414E-04
    0.21065E+03    0.51881E-04
    0.21277E+03    0.50390E-04
    0.21490E+03    0.48941E-04
    0.21706E+03    0.47532E-04
    0.21924E+03    0.46163E-04
    0.22145E+03    0.44832E-04
    0.22367E+03    0.43538E-04
    0.22592E+03    0.42280E-04
    0.22819E+03    0.41058E-04
    0.23049E+03    0.39870E-04
    0.23280E+03    0.38715E-04
    0.23514E+03    0.37592E-04
    0.23750E+03    0.36501E-04
    0.23989E+03    0.35441E-04
    0.24230E+03    0.34411E-04
    0.24474E+03    0.33409E-04
    0.24720E+03    0.32436E-04
    0.24968E+03    0.31490E-04
    0.25219E+03    0.30570E-04
    0.25473E+03    0.29677E-04
    0.25729E+03    0.28809E-04
    0.25987E+03    0.27966E-04
    0.26248E+03    0.27146E-04
    0.26512E+03    0.26349E-04
    0.26779E+03    0.25575E-04
    0.27048E+03    0.24823E-04
    0.27320E+03    0.24092E-04
    0.27594E+03    0.23382E-04
    0.27871E+03    0.22692E-04
    0.28152E+03    0.22022E-04
    0.28435E+03    0.21371E-04
    0.28720E+03    0.20738E-04
    0.29009E+03    0.20124E-04
    0.29300E+03    0.19526E-04
    0.29595E+03    0.18946E-04
    0.29892E+03    0.18383E-04
    0.30193E+03    0.17836E-04
